5 40
0 T 1 3 0
1 H 1 4 0
2 CNOT 2 3 4 2 0 1 
3 T 1 4 1 2
4 CNOT 2 2 4 1 3 
5 T 1 4 1 4
6 CNOT 2 3 4 2 2 5 
7 CNOT 2 2 3 2 4 6 
8 T 1 3 1 7
9 CNOT 2 2 3 2 7 8 
10 H 1 3 1 9
11 CNOT 2 1 3 1 10 
12 T 1 3 1 11
13 CNOT 2 0 3 1 12 
14 T 1 3 1 13
15 CNOT 2 1 3 2 11 14 
16 T 1 3 1 15
17 CNOT 2 0 3 2 13 16 
18 T 1 3 1 17
19 H 1 3 1 18
20 CNOT 2 3 4 2 19 6 
21 T 1 4 1 20
22 CNOT 2 2 4 2 9 21 
23 T 1 4 1 22
24 CNOT 2 3 4 2 20 23 
25 CNOT 2 2 3 2 22 24 
26 H 1 4 1 24
27 T 1 3 1 25
28 CNOT 2 2 3 2 25 27 
29 T 1 3 1 28
30 H 1 3 1 29
31 CNOT 2 1 3 2 15 30 
32 T 1 3 1 31
33 CNOT 2 0 3 2 17 32 
34 T 1 3 1 33
35 CNOT 2 1 3 2 31 34 
36 T 1 3 1 35
37 CNOT 2 0 3 2 33 36 
38 T 1 3 1 37
39 H 1 3 1 38
