16 109
0 X 1 13 0
1 X 1 2 0
2 X 1 15 0
3 X 1 3 0
4 CNOT 2 11 10 0 
5 CNOT 2 12 5 0 
6 X 1 13 1 0
7 X 1 7 0
8 CNOT 2 11 10 2 4 4 
9 CNOT 2 9 15 1 2 
10 CNOT 2 4 0 0 
11 CNOT 2 12 6 1 5 
12 X 1 13 1 6
13 X 1 15 1 9
14 X 1 5 1 5
15 X 1 2 1 1
16 X 1 3 1 3
17 X 1 1 0
18 CNOT 2 6 9 2 11 9 
19 X 1 4 1 10
20 X 1 5 1 14
21 X 1 10 1 8
22 X 1 7 1 7
23 X 1 11 1 8
24 X 1 8 0
25 X 1 9 1 18
26 CNOT 2 15 13 2 13 12 
27 CNOT 2 6 2 2 18 15 
28 X 1 8 1 24
29 X 1 11 1 23
30 X 1 6 1 27
31 X 1 9 1 25
32 X 1 5 1 20
33 X 1 4 1 19
34 CNOT 2 15 13 2 26 26 
35 CNOT 2 1 12 2 17 11 
36 CNOT 2 3 14 1 16 
37 X 1 13 1 34
38 X 1 14 1 36
39 X 1 15 1 34
40 X 1 9 1 31
41 X 1 1 1 35
42 X 1 5 1 32
43 X 1 8 1 28
44 CNOT 2 11 10 2 29 21 
45 CNOT 2 2 4 2 27 33 
46 X 1 6 1 30
47 X 1 10 1 44
48 X 1 11 1 44
49 X 1 15 1 39
50 CNOT 2 13 8 2 37 43 
51 CNOT 2 14 7 2 38 22 
52 X 1 8 1 50
53 X 1 12 1 35
54 X 1 3 1 36
55 CNOT 2 14 7 2 51 51 
56 CNOT 2 6 2 2 46 45 
57 CNOT 2 10 1 2 47 41 
58 CNOT 2 15 13 2 49 50 
59 X 1 8 1 52
60 X 1 5 1 42
61 X 1 9 1 40
62 X 1 13 1 58
63 X 1 1 1 57
64 CNOT 2 11 10 2 48 57 
65 CNOT 2 4 0 2 45 10 
66 CNOT 2 6 2 2 56 56 
67 X 1 1 1 63
68 CNOT 2 8 0 2 59 65 
69 CNOT 2 14 7 2 55 55 
70 CNOT 2 6 9 2 66 61 
71 CNOT 2 11 10 2 64 64 
72 CNOT 2 15 13 2 58 62 
73 X 1 8 1 68
74 X 1 10 1 71
75 X 1 4 1 65
76 X 1 3 1 54
77 CNOT 2 6 2 2 70 66 
78 CNOT 2 12 5 2 53 60 
79 X 1 2 1 77
80 CNOT 2 13 8 2 72 73 
81 CNOT 2 12 5 2 78 78 
82 CNOT 2 4 0 2 75 68 
83 CNOT 2 6 9 2 77 70 
84 CNOT 2 11 3 2 71 76 
85 X 1 4 1 82
86 X 1 2 1 79
87 X 1 6 1 83
88 X 1 1 1 67
89 X 1 10 1 74
90 CNOT 2 8 0 2 80 82 
91 CNOT 2 11 3 2 84 84 
92 X 1 13 1 80
93 X 1 6 1 87
94 X 1 10 1 89
95 X 1 9 1 83
96 X 1 1 1 88
97 CNOT 2 8 0 2 90 90 
98 CNOT 2 14 7 2 69 69 
99 CNOT 2 12 5 2 81 81 
100 CNOT 2 11 3 2 91 91 
101 X 1 8 1 97
102 X 1 1 1 96
103 X 1 10 1 94
104 X 1 13 1 92
105 X 1 0 1 97
106 CNOT 2 14 7 2 98 98 
107 CNOT 2 9 15 2 95 72 
108 CNOT 2 12 5 2 99 99 
